422
445
456
340
5
167
54385
84
322
511
485
378
495
407
363
248
364
229
408
145
232
395
132
270
19332
30686
278
88
86
215
16
483
94
35
461
91
139
90
468
367
201
9932
54
183
282
472
460
236
28
412
80
92
139
2
357
55
49510
345
46459
257
222
47132
345
182
112
224
129
486
226
159
829
355
101
10133
269
286
337
446
213
262
207
27558
87
138
63
416
306
143
483
476
157
388
431
474
268
443
31172
1
59479
11
491
49
92
322
25778
185
458
62168
435
279
349
107
373
460
23183
397
23445
120
80
12580
125
95
72
139
30
200
232
218
116
261
449
493
500
348
304
145
212
39774
102
384
166
80
299
1709
40075
280
358
312
327
258
22
9
462
141
68
492
340
167
205
348
46
287
12220
187
136
50
463
42721
82
125
20
62474
103
204
202
413
459
32547
7445
13099
108
242
339
225
335
103
342
214
363
452
259
460
266
98
44
367
402
75
453
186
456
76
460
139
486
511
458
480
84
457
370
23545
152
94
105
424
362
59
204
338
307
441
326
467
21
41501
179
425
31049
14184
12
160
108
474
236
133
231
322
12
17
306
96
497
74
310
111
127
370
419
47393
136
177
397
340
490
52
71
92
62602
458
50737
9308
443
134
127
147
107
474
111
109
204
172
341
478
31707
497
24
88
445
387
288
259
43
209
23471
5517
88
207
44
127
19102
200
386
351
91
274
305
26394
357
112
343
386
386
408
163
13752
76
90
275
419
99
89
110
82
511
279
382
288
472
140
453
81
96
360
334
9418
71
91
53646
355
335
130
146
450
183
118
65016
96
197
87
78
70
375
333
194
22681
26
168
99
50
363
249
438
216
15
13994
38547
216
456
302
152
193
221
279
114
128
51363
274
41
506
490
321
19
224
494
5654
200
31
174
74
510
236
453
239
471
104
89
31361
19
395
294
95
16
81
363
423
174
61998
9901
84
48
156
207
40370
499
177
377
332
53509
39
164
461
479
272
474
30939
76
385
37
25791
217
508
407
42
27
269
20
139
228
401
22920
481
248
492
308
385
134
237
470
137
51123
276
47151
131
0
155
433
500
39509
475
278
418
384
255
219
152
66
31
266
14
104
373
315
493
267
219
27490
460
216
290
486
278
246
436
70
142
276
357
470
329
81
84
3611
195
55
278
332
278
38
258
8721
410
70
404
372
75
259
279
351
365
475
274
57178
134
145
421
144
92
438
266
123
319
386
122
115
350
161
11
402
157
38
21
265
32
193
18
270
278
166
171
170
499
172
216
406
138
155
502
433
448
398
46291
20
63
327
256
287
270
191
30
38
364
475
225
342
62840
322
19
330
199
19
376
57
229
98
72
375
217
339
387
392
367
51
107
219
339
129
193
254
395
112
247
459
69
229
221
56503
260
5
75
383
455
258
13081
172
57643
56863
259
249
89
38
473
222
433
314
368
426
253
505
383
327
465
177
332
53
362
264
114
129
168
449
333
319
197
85
289
123
269
202
19
304
135
498
497
422
507
61
215
162
353
54
50
341
144
365
319
48864
147
20
207
152
380
477
68
172
151
29600
397
281
32067
81
68
396
20
20134
357
384
420
484
7576
288
8
48843
284
307
474
327
34181
233
446
150
370
206
294
256
308
498
155
59974
118
320
124
319
110
501
384
145
272
460
121
28
176
6786
54770
372
165
66
403
133
6
156
280
145
244
100
14563
428
100
81
239
248
453
481
285
13125
23
466
190
349
301
274
32355
271
229
60878
492
408
30
353
337
294
188
170
348
62
244
337
16443
353
81
426
315
17371
20431
277
232
248
449
419
368
402
113
19
44002
56
89
376
497
470
504
306
210
282
266
502
296
199
398
188
45
24582
48038
222
152
186
237
61
183
31319
420
24471
382
75
58016
228
231
234
468
228
200
215
157
367
476
137
48420
30
315
411
440
34317
360
9546
219
229
4292
168
266
138
364
331
182
141
443
441
149
79
11
481
337
303
343
451
32
114
211
216
122
34
208
9
497
371
493
511
294
499
55
52785
4754
73
188
397
7
369
101
428
281
331
465
450
17
389
386
337
403
30897
33
89
167
36576
410
337
5
438
39
482
232
398
325
66
404
384
2424
368
253
510
38117
393
331
29427
8364
184
21769
138
12674
380
243
319
268
164
33
467
501
250
266
11628
130
258
386
304
247
45207
355
35
367
183
241
209
49794
162
461
438
56343
157
192
342
32291
409
199
363
344
234
493
295
67
189
62691
60
420
357
370
104
167
189
468
251
467
460
452
138
363
444
354
140
448
150
501
293
207
54158
51
47
14145
112
209
52489
218
480
158
450
193
188
140
501
215
303
322
369
165
429
12279
384
136
141
461
14682
20405
401
240
449
429
491
338
53799
65376
145
345
21
25